68
35
67
0
46
97
24
83
80
69
82
57
49
95
88
95
16
28
30
42
23
69
88
12
27
81
58
14
4
50
16
89
34
48
92
43
15
9
33
70
98
93
2
17
64
13
68
19
30
43
65
7
58
61
60
6
67
87
35
61
3
4
95
56
28
46
86
32
21
82
33
12
12
74
45
7
49
93
58
82
20
1
80
9
44
68
38
93
28
1
4
52
3
83
52
77
5
45
29
95
68
12
61
33
89
14
98
72
97
31
64
17
24
33
77
27
93
79
17
4
27
7
57
5
32
6
80
27
20
12
13
77
73
68
17
40
6
95
76
97
7
40
55
91
8
17
81
85
6
65
62
56
87
9
38
82
77
81
31
14
59
28
31
8
23
53
0
86
48
34
21
76
68
3
62
41
54
35
81
35
59
58
57
17
50
14
44
41
58
69
64
84
84
41
22
49
55
87
63
46
85
58
17
55
79
16
10
38
12
71
28
89
87
2
89
62
27
67
26
60
76
5
8
54
84
27
94
77
76
51
54
5
78
53
18
93
17
96
39
75
27
51
98
51
38
6
92
51
29
4
60
53
14
1
50
99
56
73
59
18
3
24
76
18
31
37
21
37
8
82
56
20
95
73
39
65
9
53
59
33
2
29
58
10
37
6
60
56
74
80
69
6
86
66
2
46
88
19
39
33
39
46
31
52
48
27
83
39
71
79
69
48
96
29
8
81
0
74
68
72
59
84
92
95
20
49
44
40
29
67
95
43
27
8
69
20
58
38
51
1
40
49
40
83
20
29
62
81
79
67
86
92
66
93
29
99
58
86
21
13
54
17
9
41
15
1
97
67
73
97
25
79
97
61
0
26
43
89
81
37
35
60
43
71
81
51
7
32
90
56
42
68
66
44
81
70
60
83
89
89
25
15
55
9
69
34
15
55
47
73
51
67
88
6
99
43
39
5
94
24
16
27
95
34
51
13
11
38
44
21
81
63
18
15
80
63
53
29
43
23
37
77
34
30
68
92
34
0
44
68
14
42
79
24
31
51
39
16
80
8
98
56
35
45
87
54
0
65
20
16
16
80
29
80
65
34
45
78
3
27
71
68
83
29
99
97
11
81
88
13
14
34
7
94
61
42
90
28
43
31
78
10
68
62
10
39
60
50
79
80
79
20
1
45
25
15
65
37
19
75
80
60
59
3
30
74
3
19
61
52
54
69
56
99
96
4
94
14
84
72
85
3
57
26
11
42
20
75
72
29
54
27
76
24
82
51
16
64
55
59
13
32
55
40
94
11
95
19
96
49
31
19
27
42
98
41
83
45
1
69
76
63
5
66
84
94
43
46
92
97
55
71
46
54
40
6
74
11
91
51
43
7
51
95
46
53
26
78
66
52
47
32
90
97
64
99
32
98
86
52
2
16
71
3
93
75
56
36
82
22
57
18
41
94
7
60
33
41
73
25
16
4
42
42
89
98
54
94
76
76
55
53
19
61
37
77
75
23
27
75
78
5
49
79
20
4
59
10
56
53
30
93
41
52
10
38
30
95
12
52
16
75
31
97
54
32
90
76
15
89
9
37
37
98
46
80
21
22
99
13
36
1
77
95
57
58
51
64
0
26
66
69
99
48
81
72
28
26
1
14
40
6
71
87
3
15
29
81
28
55
99
53
60
37
4
66
8
12
54
20
44
30
35
52
19
83
96
42
16
6
24
55
82
54
91
86
21
95
53
23
90
53
7
78
61
62
73
11
17
71
13
30
37
35
28
14
7
56
82
3
34
0
44
60
5
41
47
68
62
31
12
6
33
54
24
72
74
75
37
57
70
59
74
22
55
2
84
22
22
15
86
67
55
69
77
33
40
19
77
7
42
86
0
5
45
99
57
11
56
20
67
61
85
43
32
32
59
50
4
29
33
75
33
66
66
20
10
21
76
91
19
25
90
84
9
80
52
0
66
0
46
61
52
42
44
76
43
56
80
95
36
2
57
9
93
64
44
77
88
56
38
39
17
32
38
5
88
92
69
8
47
45
76
15
36
13
77
66
75
78
2
74
76
98
8
41
64
54
56
0
38
52
32
29
81
27
73
42
61
65
79
40
80
59
27
61
62
69
17
89
84
58
14
25
63
69
91
91
77
74
38
66
18
50
83
61
40
37
67
9
23
22
16
52
85
2
90
92
7
19
20
5
95
36
96
2
90
70
98
10
24
77
23
90
9
4
67
45
59
40
12
73
64
52
50
88
39
99
61
18
83
75
46
73
19
5
75
5
68
13
